         0          0
     0.012          0
     0.024          0
     0.036          0
     0.048          0
      0.06          0
     0.072          0
     0.084          0
     0.096          0
     0.108          0
      0.12          0
     0.132          0
     0.144          0
     0.156          0
     0.168          0
      0.18          0
     0.192          0
     0.204          0
     0.216          0
     0.228          0
      0.24          0
     0.252          0
     0.264          0
     0.276          0
     0.288          0
       0.3          0
     0.312          0
     0.324          0
     0.336          0
     0.348          0
      0.36          0
     0.372          0
     0.384          0
     0.396          0
     0.408          0
      0.42          0
     0.432          0
     0.444          0
     0.456          0
     0.468          0
      0.48          0
     0.492          0
     0.504          0
     0.516          0
     0.528          0
      0.54          0
     0.552          0
     0.564          0
     0.576          0
     0.588          0
       0.6          0
     0.612          0
     0.624          0
     0.636          0
     0.648          0
      0.66          0
     0.672          0
     0.684          0
     0.696          0
     0.708          0
      0.72          0
     0.732          0
     0.744          0
     0.756          0
     0.768          0
      0.78          0
     0.792          0
     0.804          0
     0.816          0
     0.828          0
      0.84          0
     0.852          0
     0.864          0
     0.876          0
     0.888          0
       0.9          0
     0.912          3
     0.924          0
     0.936          9
     0.948        297
      0.96       1178
     0.972        879
     0.984        885
     0.996        813
     1.008        648
      1.02        639
     1.032        564
     1.044        565
     1.056        636
     1.068        546
      1.08        598
     1.092        476
     1.104        589
     1.116        451
     1.128        430
      1.14        496
     1.152        405
     1.164        456
     1.176        417
     1.188        371
       1.2        431
     1.212        355
     1.224        284
     1.236        293
     1.248        329
      1.26        335
     1.272        271
     1.284        333
     1.296        293
     1.308        241
      1.32        309
     1.332        246
     1.344        294
     1.356        363
     1.368        241
      1.38        262
     1.392        293
     1.404        250
     1.416        217
     1.428        201
      1.44        216
     1.452        209
     1.464        197
     1.476        205
     1.488        216
       1.5        178
     1.512        201
     1.524        221
     1.536        221
     1.548        172
      1.56        140
     1.572        189
     1.584        160
     1.596        139
     1.608        164
      1.62        138
     1.632        110
     1.644        136
     1.656         99
     1.668        170
      1.68        123
     1.692        119
     1.704        115
     1.716        136
     1.728         97
      1.74        123
     1.752        120
     1.764        106
     1.776         89
     1.788         85
       1.8         98
     1.812         67
     1.824         78
     1.836        101
     1.848         66
      1.86         79
     1.872         94
     1.884         63
     1.896         71
     1.908         56
      1.92         98
     1.932         65
     1.944         88
     1.956         54
     1.968         70
      1.98         68
     1.992         56
     2.004         62
     2.016         61
     2.028         70
      2.04         91
     2.052         91
     2.064         73
     2.076         88
     2.088         98
       2.1        110
     2.112        127
     2.124        142
     2.136        153
     2.148        147
      2.16        130
     2.172        120
     2.184         95
     2.196         60
     2.208         42
      2.22         47
     2.232         41
     2.244         22
     2.256         25
     2.268         18
      2.28         34
     2.292         29
     2.304         17
     2.316         15
     2.328         23
      2.34         24
     2.352         15
     2.364         13
     2.376         15
     2.388         16
       2.4         17
     2.412         26
     2.424         13
     2.436         10
     2.448         16
      2.46         22
     2.472         25
     2.484         10
     2.496         21
     2.508         19
      2.52         14
     2.532         15
     2.544         17
     2.556         20
     2.568         20
      2.58         14
     2.592         14
     2.604         25
     2.616         19
     2.628         15
      2.64         11
     2.652         11
     2.664         12
     2.676         24
     2.688         22
       2.7         18
     2.712         13
     2.724         15
     2.736         18
     2.748         22
      2.76         13
     2.772         17
     2.784         20
     2.796         31
     2.808          8
      2.82         24
     2.832         18
     2.844         21
     2.856         19
     2.868         15
      2.88         26
     2.892         13
     2.904         13
     2.916         32
     2.928         16
      2.94         17
     2.952          9
     2.964         11
     2.976         20
     2.988         15
         3         13
     3.012         20
     3.024         23
     3.036         24
     3.048         10
      3.06         17
     3.072         18
     3.084          9
     3.096         21
     3.108          8
      3.12         11
     3.132         16
     3.144         13
     3.156         20
     3.168         15
      3.18          9
     3.192         15
     3.204          9
     3.216         23
     3.228         12
      3.24         13
     3.252         23
     3.264         14
     3.276         21
     3.288         17
       3.3         12
     3.312         12
     3.324         10
     3.336         22
     3.348         10
      3.36         16
     3.372          8
     3.384         15
     3.396         10
     3.408         16
      3.42         19
     3.432         18
     3.444         18
     3.456         16
     3.468         31
      3.48         20
     3.492         26
     3.504         13
     3.516         14
     3.528         18
      3.54         15
     3.552         20
     3.564         25
     3.576         24
     3.588         15
       3.6         22
     3.612         23
     3.624         18
     3.636         20
     3.648         21
      3.66         19
     3.672         23
     3.684         17
     3.696         11
     3.708         11
      3.72         13
     3.732         19
     3.744         16
     3.756          7
     3.768          7
      3.78         12
     3.792          8
     3.804         11
     3.816          5
     3.828          8
      3.84          6
     3.852          2
     3.864          4
     3.876          7
     3.888          2
       3.9          4
     3.912          8
     3.924          5
     3.936          8
     3.948          7
      3.96          4
     3.972          5
     3.984         19
     3.996       1305
     4.008          0
      4.02          0
     4.032          0
     4.044          0
     4.056          0
     4.068          0
      4.08          0
     4.092          0
     4.104          0
     4.116          0
     4.128          0
      4.14          0
     4.152          0
     4.164          0
     4.176          0
     4.188          0
       4.2          0
     4.212          0
     4.224          0
     4.236          0
     4.248          0
      4.26          0
     4.272          0
     4.284          0
     4.296          0
     4.308          0
      4.32          0
     4.332          0
     4.344          0
     4.356          0
     4.368          0
      4.38          0
     4.392          0
     4.404          0
     4.416          0
     4.428          0
      4.44          0
     4.452          0
     4.464          0
     4.476          0
     4.488          0
       4.5          0
     4.512          0
     4.524          0
     4.536          0
     4.548          0
      4.56          0
     4.572          0
     4.584          0
     4.596          0
     4.608          0
      4.62          0
     4.632          0
     4.644          0
     4.656          0
     4.668          0
      4.68          0
     4.692          0
     4.704          0
     4.716          0
     4.728          0
      4.74          0
     4.752          0
     4.764          0
     4.776          0
     4.788          0
       4.8          0
     4.812          0
     4.824          0
     4.836          0
     4.848          0
      4.86          0
     4.872          0
     4.884          0
     4.896          0
     4.908          0
      4.92          0
     4.932          0
     4.944          0
     4.956          0
     4.968          0
      4.98          0
     4.992          0
     5.004          0
     5.016          0
     5.028          0
      5.04          0
     5.052          0
     5.064          0
     5.076          0
     5.088          0
       5.1          0
     5.112          0
     5.124          0
     5.136          0
     5.148          0
      5.16          0
     5.172          0
     5.184          0
     5.196          0
     5.208          0
      5.22          0
     5.232          0
     5.244          0
     5.256          0
     5.268          0
      5.28          0
     5.292          0
     5.304          0
     5.316          0
     5.328          0
      5.34          0
     5.352          0
     5.364          0
     5.376          0
     5.388          0
       5.4          0
     5.412          0
     5.424          0
     5.436          0
     5.448          0
      5.46          0
     5.472          0
     5.484          0
     5.496          0
     5.508          0
      5.52          0
     5.532          0
     5.544          0
     5.556          0
     5.568          0
      5.58          0
     5.592          0
     5.604          0
     5.616          0
     5.628          0
      5.64          0
     5.652          0
     5.664          0
     5.676          0
     5.688          0
       5.7          0
     5.712          0
     5.724          0
     5.736          0
     5.748          0
      5.76          0
     5.772          0
     5.784          0
     5.796          0
     5.808          0
      5.82          0
     5.832          0
     5.844          0
     5.856          0
     5.868          0
      5.88          0
     5.892          0
     5.904          0
     5.916          0
     5.928          0
      5.94          0
     5.952          0
     5.964          0
     5.976          0
     5.988          0
