         0          0
     0.012          0
     0.024          0
     0.036          0
     0.048          0
      0.06          0
     0.072          0
     0.084          0
     0.096          0
     0.108          0
      0.12          0
     0.132          0
     0.144          0
     0.156          0
     0.168          0
      0.18          0
     0.192          0
     0.204          0
     0.216          0
     0.228          0
      0.24          0
     0.252          0
     0.264          0
     0.276          0
     0.288          0
       0.3          0
     0.312          0
     0.324          0
     0.336          0
     0.348          0
      0.36          0
     0.372          0
     0.384          0
     0.396          0
     0.408          0
      0.42          0
     0.432          0
     0.444          0
     0.456          0
     0.468          0
      0.48          0
     0.492          0
     0.504          0
     0.516          0
     0.528          0
      0.54          0
     0.552          0
     0.564          0
     0.576          0
     0.588          0
       0.6          0
     0.612          0
     0.624          0
     0.636          0
     0.648          0
      0.66          0
     0.672          0
     0.684          0
     0.696          0
     0.708          0
      0.72          0
     0.732          0
     0.744          0
     0.756          0
     0.768          0
      0.78          0
     0.792          0
     0.804          0
     0.816          0
     0.828          0
      0.84          0
     0.852          0
     0.864          0
     0.876          0
     0.888          0
       0.9          0
     0.912          2
     0.924          0
     0.936          5
     0.948        199
      0.96        802
     0.972        665
     0.984        676
     0.996        594
     1.008        503
      1.02        490
     1.032        446
     1.044        415
     1.056        458
     1.068        408
      1.08        409
     1.092        353
     1.104        405
     1.116        325
     1.128        288
      1.14        323
     1.152        280
     1.164        300
     1.176        291
     1.188        242
       1.2        272
     1.212        229
     1.224        212
     1.236        226
     1.248        214
      1.26        232
     1.272        201
     1.284        232
     1.296        209
     1.308        184
      1.32        214
     1.332        179
     1.344        189
     1.356        203
     1.368        136
      1.38        151
     1.392        153
     1.404        142
     1.416        141
     1.428        135
      1.44        141
     1.452        133
     1.464        129
     1.476        132
     1.488        127
       1.5        116
     1.512        117
     1.524        133
     1.536        118
     1.548        101
      1.56         94
     1.572        107
     1.584         88
     1.596         89
     1.608         98
      1.62         85
     1.632         61
     1.644         73
     1.656         67
     1.668        100
      1.68         80
     1.692         64
     1.704         76
     1.716         77
     1.728         68
      1.74         76
     1.752         76
     1.764         81
     1.776         64
     1.788         66
       1.8         68
     1.812         54
     1.824         64
     1.836         74
     1.848         52
      1.86         63
     1.872         76
     1.884         53
     1.896         48
     1.908         46
      1.92         67
     1.932         48
     1.944         50
     1.956         46
     1.968         61
      1.98         55
     1.992         51
     2.004         53
     2.016         58
     2.028         63
      2.04         81
     2.052         81
     2.064         71
     2.076         83
     2.088         97
       2.1         99
     2.112        126
     2.124        135
     2.136        152
     2.148        140
      2.16        128
     2.172        117
     2.184         89
     2.196         59
     2.208         41
      2.22         46
     2.232         41
     2.244         20
     2.256         23
     2.268         17
      2.28         33
     2.292         27
     2.304         15
     2.316         15
     2.328         20
      2.34         21
     2.352         15
     2.364         10
     2.376         14
     2.388         16
       2.4         17
     2.412         20
     2.424         11
     2.436         10
     2.448         14
      2.46         21
     2.472         23
     2.484         10
     2.496         19
     2.508         18
      2.52         13
     2.532         13
     2.544         15
     2.556         19
     2.568         17
      2.58         12
     2.592         12
     2.604         14
     2.616         19
     2.628         15
      2.64          9
     2.652         11
     2.664         10
     2.676         22
     2.688         21
       2.7         17
     2.712         12
     2.724         14
     2.736         17
     2.748         21
      2.76         13
     2.772         17
     2.784         20
     2.796         28
     2.808          8
      2.82         20
     2.832         18
     2.844         21
     2.856         18
     2.868         11
      2.88         21
     2.892         13
     2.904         13
     2.916         27
     2.928         15
      2.94         17
     2.952          9
     2.964          8
     2.976         16
     2.988         15
         3         11
     3.012         20
     3.024         21
     3.036         20
     3.048         10
      3.06         14
     3.072         18
     3.084          9
     3.096         21
     3.108          8
      3.12         11
     3.132         15
     3.144         13
     3.156         19
     3.168         15
      3.18          9
     3.192         15
     3.204          9
     3.216         21
     3.228         11
      3.24          9
     3.252         21
     3.264         13
     3.276         19
     3.288         17
       3.3         11
     3.312         11
     3.324         10
     3.336         20
     3.348         10
      3.36         14
     3.372          8
     3.384         14
     3.396          9
     3.408         15
      3.42         17
     3.432         17
     3.444         18
     3.456         16
     3.468         20
      3.48         20
     3.492         24
     3.504         12
     3.516         14
     3.528         14
      3.54         15
     3.552         17
     3.564         25
     3.576         21
     3.588         14
       3.6         20
     3.612         17
     3.624         16
     3.636         15
     3.648         18
      3.66         14
     3.672         20
     3.684         16
     3.696         10
     3.708          9
      3.72         10
     3.732         12
     3.744         11
     3.756          7
     3.768          6
      3.78          8
     3.792          6
     3.804         10
     3.816          4
     3.828          5
      3.84          3
     3.852          2
     3.864          3
     3.876          5
     3.888          2
       3.9          3
     3.912          8
     3.924          4
     3.936          8
     3.948          7
      3.96          4
     3.972          5
     3.984         19
     3.996       1299
     4.008          0
      4.02          0
     4.032          0
     4.044          0
     4.056          0
     4.068          0
      4.08          0
     4.092          0
     4.104          0
     4.116          0
     4.128          0
      4.14          0
     4.152          0
     4.164          0
     4.176          0
     4.188          0
       4.2          0
     4.212          0
     4.224          0
     4.236          0
     4.248          0
      4.26          0
     4.272          0
     4.284          0
     4.296          0
     4.308          0
      4.32          0
     4.332          0
     4.344          0
     4.356          0
     4.368          0
      4.38          0
     4.392          0
     4.404          0
     4.416          0
     4.428          0
      4.44          0
     4.452          0
     4.464          0
     4.476          0
     4.488          0
       4.5          0
     4.512          0
     4.524          0
     4.536          0
     4.548          0
      4.56          0
     4.572          0
     4.584          0
     4.596          0
     4.608          0
      4.62          0
     4.632          0
     4.644          0
     4.656          0
     4.668          0
      4.68          0
     4.692          0
     4.704          0
     4.716          0
     4.728          0
      4.74          0
     4.752          0
     4.764          0
     4.776          0
     4.788          0
       4.8          0
     4.812          0
     4.824          0
     4.836          0
     4.848          0
      4.86          0
     4.872          0
     4.884          0
     4.896          0
     4.908          0
      4.92          0
     4.932          0
     4.944          0
     4.956          0
     4.968          0
      4.98          0
     4.992          0
     5.004          0
     5.016          0
     5.028          0
      5.04          0
     5.052          0
     5.064          0
     5.076          0
     5.088          0
       5.1          0
     5.112          0
     5.124          0
     5.136          0
     5.148          0
      5.16          0
     5.172          0
     5.184          0
     5.196          0
     5.208          0
      5.22          0
     5.232          0
     5.244          0
     5.256          0
     5.268          0
      5.28          0
     5.292          0
     5.304          0
     5.316          0
     5.328          0
      5.34          0
     5.352          0
     5.364          0
     5.376          0
     5.388          0
       5.4          0
     5.412          0
     5.424          0
     5.436          0
     5.448          0
      5.46          0
     5.472          0
     5.484          0
     5.496          0
     5.508          0
      5.52          0
     5.532          0
     5.544          0
     5.556          0
     5.568          0
      5.58          0
     5.592          0
     5.604          0
     5.616          0
     5.628          0
      5.64          0
     5.652          0
     5.664          0
     5.676          0
     5.688          0
       5.7          0
     5.712          0
     5.724          0
     5.736          0
     5.748          0
      5.76          0
     5.772          0
     5.784          0
     5.796          0
     5.808          0
      5.82          0
     5.832          0
     5.844          0
     5.856          0
     5.868          0
      5.88          0
     5.892          0
     5.904          0
     5.916          0
     5.928          0
      5.94          0
     5.952          0
     5.964          0
     5.976          0
     5.988          0
