      -200          0
    -198.8          0
    -197.6          0
    -196.4          0
    -195.2          0
      -194          0
    -192.8          0
    -191.6          0
    -190.4          0
    -189.2          0
      -188          0
    -186.8          0
    -185.6          0
    -184.4          0
    -183.2          0
      -182          0
    -180.8          0
    -179.6          0
    -178.4          0
    -177.2          0
      -176          0
    -174.8          0
    -173.6          0
    -172.4          0
    -171.2          0
      -170          0
    -168.8          0
    -167.6          0
    -166.4          0
    -165.2          0
      -164          0
    -162.8          0
    -161.6          0
    -160.4          0
    -159.2          0
      -158          0
    -156.8          0
    -155.6          0
    -154.4          0
    -153.2          0
      -152          0
    -150.8          0
    -149.6          0
    -148.4          0
    -147.2          0
      -146          0
    -144.8          0
    -143.6          0
    -142.4          0
    -141.2          0
      -140          0
    -138.8          0
    -137.6          0
    -136.4          0
    -135.2          0
      -134          0
    -132.8          0
    -131.6          0
    -130.4          0
    -129.2          0
      -128          0
    -126.8          0
    -125.6          0
    -124.4          0
    -123.2          0
      -122          0
    -120.8          0
    -119.6          0
    -118.4          0
    -117.2          0
      -116          0
    -114.8          0
    -113.6          0
    -112.4          0
    -111.2          0
      -110          0
    -108.8          0
    -107.6          0
    -106.4          0
    -105.2          0
      -104          0
    -102.8          0
    -101.6          0
    -100.4          0
     -99.2          0
       -98          0
     -96.8          0
     -95.6          0
     -94.4          0
     -93.2          0
       -92          0
     -90.8          0
     -89.6          0
     -88.4          0
     -87.2          0
       -86          0
     -84.8          0
     -83.6          0
     -82.4          0
     -81.2          0
       -80          0
     -78.8          0
     -77.6          0
     -76.4          0
     -75.2          0
       -74          0
     -72.8          0
     -71.6          0
     -70.4          0
     -69.2          0
       -68          0
     -66.8          0
     -65.6          0
     -64.4          0
     -63.2          0
       -62          0
     -60.8          0
     -59.6          0
     -58.4          0
     -57.2          0
       -56          0
     -54.8          0
     -53.6          0
     -52.4          0
     -51.2          0
       -50          0
     -48.8          0
     -47.6          0
     -46.4          0
     -45.2          0
       -44          0
     -42.8          0
     -41.6          0
     -40.4          0
     -39.2          0
       -38          0
     -36.8          0
     -35.6          0
     -34.4          0
     -33.2          0
       -32          0
     -30.8          0
     -29.6          0
     -28.4          0
     -27.2          0
       -26          0
     -24.8          0
     -23.6          0
     -22.4          0
     -21.2          0
       -20          0
     -18.8          0
     -17.6          0
     -16.4          0
     -15.2          0
       -14          0
     -12.8          0
     -11.6          0
     -10.4          0
      -9.2          0
        -8          0
      -6.8          0
      -5.6          0
      -4.4          0
      -3.2          0
        -2          0
      -0.8       7748
       0.4         82
       1.6          5
       2.8          0
         4          0
       5.2          0
       6.4          0
       7.6          0
       8.8          0
        10          0
      11.2          0
      12.4          0
      13.6          0
      14.8          0
        16          0
      17.2          0
      18.4          0
      19.6          0
      20.8          0
        22          0
      23.2          0
      24.4          0
      25.6          0
      26.8          0
        28          0
      29.2          0
      30.4          0
      31.6          0
      32.8          0
        34          0
      35.2          0
      36.4          0
      37.6          0
      38.8          0
        40          0
      41.2          0
      42.4          0
      43.6          0
      44.8          0
        46          0
      47.2          0
      48.4          0
      49.6          0
      50.8          0
        52          0
      53.2          0
      54.4          0
      55.6          0
      56.8          0
        58          0
      59.2          0
      60.4          0
      61.6          0
      62.8          0
        64          0
      65.2          0
      66.4          0
      67.6          0
      68.8          0
        70          0
      71.2          0
      72.4          0
      73.6          0
      74.8          0
        76          0
      77.2          0
      78.4          0
      79.6          0
      80.8          0
        82          0
      83.2          0
      84.4          0
      85.6          0
      86.8          0
        88          0
      89.2          0
      90.4          0
      91.6          0
      92.8          0
        94          0
      95.2          0
      96.4          0
      97.6          0
      98.8          0
       100          0
     101.2          0
     102.4          0
     103.6          0
     104.8          0
       106          0
     107.2          0
     108.4          0
     109.6          0
     110.8          0
       112          0
     113.2          0
     114.4          0
     115.6          0
     116.8          0
       118          0
     119.2          0
     120.4          0
     121.6          0
     122.8          0
       124          0
     125.2          0
     126.4          0
     127.6          0
     128.8          0
       130          0
     131.2          0
     132.4          0
     133.6          0
     134.8          0
       136          0
     137.2          0
     138.4          0
     139.6          0
     140.8          0
       142          0
     143.2          0
     144.4          0
     145.6          0
     146.8          0
       148          0
     149.2          0
     150.4          0
     151.6          0
     152.8          0
       154          0
     155.2          0
     156.4          0
     157.6          0
     158.8          0
       160          0
     161.2          0
     162.4          0
     163.6          0
     164.8          0
       166          0
     167.2          0
     168.4          0
     169.6          0
     170.8          0
       172          0
     173.2          0
     174.4          0
     175.6          0
     176.8          0
       178          0
     179.2          0
     180.4          0
     181.6          0
     182.8          0
       184          0
     185.2          0
     186.4          0
     187.6          0
     188.8          0
       190          0
     191.2          0
     192.4          0
     193.6          0
     194.8          0
       196          0
     197.2          0
     198.4          0
     199.6          0
     200.8          0
       202          0
     203.2          0
     204.4          0
     205.6          0
     206.8          0
       208          0
     209.2          0
     210.4          0
     211.6          0
     212.8          0
       214          0
     215.2          0
     216.4          0
     217.6          0
     218.8          0
       220          0
     221.2          0
     222.4          0
     223.6          0
     224.8          0
       226          0
     227.2          0
     228.4          0
     229.6          0
     230.8          0
       232          0
     233.2          0
     234.4          0
     235.6          0
     236.8          0
       238          0
     239.2          0
     240.4          0
     241.6          0
     242.8          0
       244          0
     245.2          0
     246.4          0
     247.6          0
     248.8          0
       250          0
     251.2          0
     252.4          0
     253.6          0
     254.8          0
       256          0
     257.2          0
     258.4          0
     259.6          0
     260.8          0
       262          0
     263.2          0
     264.4          0
     265.6          0
     266.8          0
       268          0
     269.2          0
     270.4          0
     271.6          0
     272.8          0
       274          0
     275.2          0
     276.4          0
     277.6          0
     278.8          0
       280          0
     281.2          0
     282.4          0
     283.6          0
     284.8          0
       286          0
     287.2          0
     288.4          0
     289.6          0
     290.8          0
       292          0
     293.2          0
     294.4          0
     295.6          0
     296.8          0
       298          0
     299.2          0
     300.4          0
     301.6          0
     302.8          0
       304          0
     305.2          0
     306.4          0
     307.6          0
     308.8          0
       310          0
     311.2          0
     312.4          0
     313.6          0
     314.8          0
       316          0
     317.2          0
     318.4          0
     319.6          0
     320.8          0
       322          0
     323.2          0
     324.4          0
     325.6          0
     326.8          0
       328          0
     329.2          0
     330.4          0
     331.6          0
     332.8          0
       334          0
     335.2          0
     336.4          0
     337.6          0
     338.8          0
       340          0
     341.2          0
     342.4          0
     343.6          0
     344.8          0
       346          0
     347.2          0
     348.4          0
     349.6          0
     350.8          0
       352          0
     353.2          0
     354.4          0
     355.6          0
     356.8          0
       358          0
     359.2          0
     360.4          0
     361.6          0
     362.8          0
       364          0
     365.2          0
     366.4          0
     367.6          0
     368.8          0
       370          0
     371.2          0
     372.4          0
     373.6          0
     374.8          0
       376          0
     377.2          0
     378.4          0
     379.6          0
     380.8          0
       382          0
     383.2          0
     384.4          0
     385.6          0
     386.8          0
       388          0
     389.2          0
     390.4          0
     391.6          0
     392.8          0
       394          0
     395.2          0
     396.4          0
     397.6          0
     398.8          0
